1466 5759 8091 7727 8550 6817 4987 6114 9868 6051 2828 6782 4463 2618 2977 5356 4851 3669 2778 557 
1466 5759 8091 9868 8550 6817 4987 6114 7727 6051 2828 6782 4463 2618 2977 5356 4851 3669 2778 557 
1466 9868 8091 7727 8550 6817 4987 6114 5759 6051 2828 6782 4463 2618 2977 5356 4851 3669 2778 557 
9868 8550 8091 7727 6051 6817 4987 6114 5759 1466 2828 6782 4463 2618 2977 5356 4851 3669 2778 557 
9868
8550 7727 8091 6114 6051 6817 4987 5356 5759 1466 2828 6782 4463 2618 2977 557 4851 3669 2778 
8550
8091 7727 6817 6114 6051 6782 4987 5356 5759 1466 2828 2778 4463 2618 2977 557 4851 3669 
8091
7727 6114 6817 5759 6051 6782 4987 5356 3669 1466 2828 2778 4463 2618 2977 557 4851 
7727
6817 6114 6782 5759 6051 4851 4987 5356 3669 1466 2828 2778 4463 2618 2977 557 
6817
6782 6114 4987 5759 6051 4851 2977 5356 3669 1466 2828 2778 4463 2618 557 
6782
6114 6051 4987 5759 2828 4851 2977 5356 3669 1466 557 2778 4463 2618 
6114
6051 5759 4987 5356 2828 4851 2977 2618 3669 1466 557 2778 4463 
6051
5759 5356 4987 4463 2828 4851 2977 2618 3669 1466 557 2778 
5759
5356 4463 4987 3669 2828 4851 2977 2618 2778 1466 557 
5356
4987 4463 4851 3669 2828 557 2977 2618 2778 1466 
4987
4851 4463 2977 3669 2828 557 1466 2618 2778 
4851
4463 3669 2977 2778 2828 557 1466 2618 
4463
3669 2828 2977 2778 2618 557 1466 
3669
2977 2828 1466 2778 2618 557 
2977
2828 2778 1466 557 2618 
2828
2778 2618 1466 557 
2778
2618 557 1466 
2618
1466 557 
1466
557 
557

